2.5169521900e+0
1.8703141360e+0
-3.4505452520e-2
2.3580068020e+0
1.5516879500e+0
-4.1540414750e-1
-3.3579431230e-1
7.5974451890e-1
8.5628077950e-1
2.5559602400e+0
2.5577121640e+0
-1.4946060650e+0
2.3043257490e+0
3.0646705410e+0
4.0839490270e+0
1.5502696260e+0
1.0298543700e+0
1.8481519000e+0
-1.5316046510e+0
1.9481298940e+0
6.1743033400e-1
1.5446746800e+0
1.9565893310e+0
6.1503588120e-1
6.5553468140e-1
2.7016421580e+0
2.4575438680e-1
-7.9788458980e-1
-7.2902575210e-2
2.9991281970e+0
6.9840781980e-1
1.7123108780e+0
1.8545831160e+0
-9.7107024270e-1
8.6180753990e-1
2.2694361530e+0
6.4942101630e-1
2.2526201930e+0
1.4397667300e+0
6.8714295130e-2
4.8619454190e-1
1.2818319280e+0
1.4271367380e+0
1.6837034900e+0
2.7510132420e+0
1.2921678700e+0
2.1201534050e+0
-5.6446809440e-1
9.7017621560e-1
-4.5820361330e-1
4.0707086940e-2
8.1236731700e-1
-1.0094500170e+0
1.4410591290e+0
1.3369136240e+0
7.4624988180e-1
6.9010628280e-1
1.0413614970e+0
1.5178650610e+0
1.1819252300e+0
1.2750296710e+0
-2.4846880170e-1
5.8457269430e-1
-1.9386379570e+0
1.4631021990e+0
6.6982758690e-1
2.2303367150e+0
7.6203911180e-1
-7.4683537850e-1
8.2993711740e-1
2.1445125380e+0
5.6638710080e-1
4.5341919790e-2
1.0115335220e+0
1.1996213380e+0
1.3190285200e+0
3.4095387770e-1
1.5106465430e+0
1.1025626540e+0
1.0523861000e+0
-2.7977167290e-1
-1.1377821830e+0
1.3733007760e+0
2.2317299210e+0
1.2093475030e+0
7.1118856880e-1
-8.3864832110e-1
2.0487859400e+0
1.8089613710e-1
1.0473076630e-1
1.8771309890e+0
1.9789314710e+0
1.4559905040e+0
3.7791489660e-1
1.7474866280e+0
-2.6208751140e-1
1.7771055330e+0
9.9772544230e-1
1.3576227570e+0
-2.3234864290e-2
